917
814
801
613
572
137
357
228
912
166
966
190
63
95
658
876
231
817
397
153
531
759
596
350
235
607
519
384
751
483
571
362
939
959
870
681
178
775
674
948
913
332
151
324
570
82
205
746
779
899
356
711
338
774
541
184
996
440
119
405
760
44
457
778
549
822
318
903
708
392
673
406
842
259
296
498
749
694
451
24
553
235
71
729
606
945
506
585
665
149
302
398
959
368
643
205
738
3
943
466
24
86
86
44
38
40
33
92
51
45
28
48
89
18
60
22
15
5
63
29
46
28
64
5
46
50
37
16
25
44
21
54
2
58
44
37
58
22
84
77
20
82
22
77
9
59
54
78
96
48
56
19
26
73
79
31
14
69
42
21
28
31
57
5
47
9
4
41
96
22
32
28
54
25
48
14
28
68
94
11
48
97
46
0
78
52
4
73
17
42
36
47
67
77
72
46
82
50
46
68