0	1
11	1
119	1
137	1
14	2
149	1
15	1
151	1
153	1
16	1
166	1
17	1
178	1
18	1
184	1
19	1
190	1
2	1
20	1
205	2
21	2
22	4
228	1
231	1
235	2
24	2
25	2
259	1
26	1
28	5
29	1
296	1
3	1
302	1
31	2
318	1
32	1
324	1
33	1
332	1
338	1
350	1
356	1
357	1
36	1
362	1
368	1
37	2
38	1
384	1
392	1
397	1
398	1
4	2
40	1
405	1
406	1
41	1
42	2
44	4
440	1
45	1
451	1
457	1
46	5
466	1
47	2
48	4
483	1
498	1
5	3
50	2
506	1
51	1
519	1
52	1
531	1
54	3
541	1
549	1
553	1
56	1
57	1
570	1
571	1
572	1
58	2
585	1
59	1
596	1
60	1
606	1
607	1
613	1
63	2
64	1
643	1
658	1
665	1
67	1
673	1
674	1
68	2
681	1
69	1
694	1
708	1
71	1
711	1
72	1
729	1
73	2
738	1
746	1
749	1
751	1
759	1
760	1
77	3
774	1
775	1
778	1
779	1
78	2
79	1
801	1
814	1
817	1
82	3
822	1
84	1
842	1
86	2
870	1
876	1
89	1
899	1
9	2
903	1
912	1
913	1
917	1
92	1
939	1
94	1
943	1
945	1
948	1
95	1
959	2
96	2
966	1
97	1
996	1
